student1
100.00
55.00
56.00
67.00
67.00
student2
100.00
78.00
90.00
56.00
67.00
student3
56.00
23.00
45.00
78.00
89.00
student4
67.00
56.00
89.00
88.00
98.00
student5
56.00
23.00
45.00
67.00
77.00
student6
45.00
23.00
12.00
56.00
67.00
student7
56.00
67.00
78.00
89.00
34.00
student8
77.00
88.00
34.00
54.00
54.00
student9
45.00
56.00
76.00
87.00
87.00
student10
56.00
54.00
54.00
56.00
65.00
student11
34.00
56.00
78.00
89.00
98.00
student12
67.00
56.00
67.00
89.00
78.00
student13
67.00
78.00
78.00
98.00
99.00
student14
56.00
67.00
67.00
78.00
78.00
student15
88.00
99.00
66.00
55.00
44.00
student16
67.00
78.00
56.00
78.00
77.00
student17
66.00
22.00
44.00
55.00
66.00
student18
100.00
99.00
88.00
98.00
34.00
student19
60.00
65.00
65.00
67.00
78.00
student20
99.00
100.00
100.00
78.00
90.00
